tutorials/astropy-coordinates/Cantat-Gaudin-open-clusters.ecsv
# %ECSV 0.9
# ---
# datatype:
# - name: ID
#   datatype: string
#   description: Name (1)
#   meta: !!omap
#   - {ucd: ID_MAIN}
#   - {_votable_string_dtype: char}
# - name: ra
#   unit: deg
#   datatype: float32
#   format: '{:7.3f}'
#   description: Right ascension (ICRS) (1)
#   meta: !!omap
#   - {ucd: POS_EQ_RA_MAIN}
#   - {width: 7}
#   - {precision: '3'}
# - name: dec
#   unit: deg
#   datatype: float32
#   format: '{:7.3f}'
#   description: Declination (ICRS) (1)
#   meta: !!omap
#   - {ucd: POS_EQ_DEC_MAIN}
#   - {width: 7}
#   - {precision: '3'}
# - name: distance
#   unit: pc
#   datatype: float32
#   format: '{:6.1f}'
#   description: Distance if +0.1mas added to parallax (dmodePLUS01)
#   meta: !!omap
#   - {ucd: PHYS_DISTANCE_TRUE}
#   - {width: 6}
#   - {precision: '1'}
# - name: pm_ra_cosdec
#   unit: mas / yr
#   datatype: float32
#   format: '{:7.3f}'
#   description: Mean proper motion along RA of members (pmra)
#   meta: !!omap
#   - {ucd: POS_EQ_PMRA}
#   - {width: 7}
#   - {precision: '3'}
# - name: pm_dec
#   unit: mas / yr
#   datatype: float32
#   format: '{:7.3f}'
#   description: Mean proper motion along DE of members(pmdec)
#   meta: !!omap
#   - {ucd: POS_EQ_PMDEC}
#   - {width: 7}
#   - {precision: '3'}
# - name: radial_velocity
#   unit: km / s
#   datatype: float32
#   format: '{:7.2f}'
#   description: Mean RV
#   meta: !!omap
#   - {ucd: VELOC_MEAN}
#   - {width: 7}
#   - {precision: '2'}
# meta: !!omap
# - {ID: J_A_A_618_A93_table1}
# - {name: J/A+A/618/A93/table1}
# - {description: Summary of mean parameters for the OCs characterised in this study}
# schema: astropy-2.0
ID ra dec distance pm_ra_cosdec pm_dec radial_velocity
[from data line 314]
NGC_5749 222.204 -54.502 980.9 -2.756 -3.079 -18.04
NGC_5764 223.389 -52.667 1662.5 -3.325 -2.318 -32.52
NGC_581 23.339 60.659 1992.0 -1.384 -0.497 -45.33
NGC_5822 226.051 -54.366 759.8 -7.422 -5.534 -28.15
NGC_5823 226.365 -55.608 1538.7 -3.691 -2.443 -47.32
NGC_5925 231.847 -54.515 1238.2 -4.319 -5.142 -20.62
NGC_6025 240.779 -60.430 715.3 -2.901 -3.035 15.53
NGC_6067 243.299 -54.227 1749.6 -1.907 -2.586 -38.90
NGC_6087 244.721 -57.916 866.7 -1.567 -2.411 1.14
NGC_6124 246.332 -40.661 593.1 -0.203 -2.094 -20.80
NGC_6134 246.953 -49.161 1025.9 2.184 -4.483 -25.35
NGC_6152 248.213 -52.629 1383.8 -2.511 -4.980 -35.70
NGC_6167 248.662 -49.759 1279.3 -0.616 -2.854 -19.18
NGC_6192 250.077 -43.355 1428.9 1.653 -0.188 -7.81
NGC_6193 250.319 -48.777 1063.0 1.278 -4.111 -15.51
NGC_6208 252.336 -53.714 1042.9 -0.966 -1.519 -32.15
NGC_6231 253.545 -41.812 1392.3 -0.529 -2.177 -39.88
NGC_6242 253.878 -39.474 1131.3 1.149 -0.825 -7.03
NGC_6253 254.778 -52.712 1444.9 -4.537 -5.280 -27.97
NGC_6259 255.195 -44.678 1864.3 -1.015 -2.892 -32.84
NGC_6268 255.524 -39.721 1310.6 0.908 -0.781 -14.26
NGC_6281 256.179 -37.948 499.5 -1.856 -4.017 -5.00
NGC_6383 263.673 -32.573 998.5 2.596 -1.708 -54.74
NGC_6400 265.062 -36.957 1079.5 0.499 -2.549 -13.06
NGC_6405 265.069 -32.242 434.5 -1.306 -5.847 -9.47
NGC_6416 266.014 -32.344 951.1 -1.946 -2.327 -22.43
NGC_6425 266.733 -31.507 896.2 3.801 -1.647 -3.07
NGC_6475 268.447 -34.841 270.2 3.099 -5.426 -14.84
NGC_6494 269.237 -18.987 674.4 0.284 -1.809 -8.37
NGC_6520 270.856 -27.884 1458.8 0.688 -0.418 -22.35
NGC_6561 272.659 -16.740 1275.8 -0.002 -0.754 1.62
NGC_6568 273.192 -21.612 939.1 0.593 -1.377 -43.70
NGC_6583 273.962 -22.143 1844.8 1.303 0.110 -2.27
NGC_6611 274.688 -13.792 1438.7 0.178 -1.576 3.70
NGC_6633 276.845 6.615 376.8 1.198 -1.811 -28.62
NGC_6645 278.158 -16.918 1489.0 1.340 -0.633 -3.93
NGC_6649 278.359 -10.399 1678.4 -0.007 -0.055 -8.87
NGC_6664 279.125 -8.194 1675.0 -0.089 -2.561 -4.44
NGC_6694 281.317 -9.386 1531.9 0.144 -1.411 -10.54
NGC_6704 282.687 -5.203 1775.0 -0.730 -3.139 25.49
NGC_6705 282.766 -6.272 1799.4 -1.568 -4.144 36.01
NGC_6709 282.836 10.334 962.0 1.414 -3.532 -10.21
NGC_6716 283.616 -19.888 651.8 -1.476 -6.013 -0.09
NGC_6728 284.715 -8.953 1504.4 1.312 -1.760 11.51
NGC_6735 285.155 -0.498 1835.3 0.072 -1.274 7.04
NGC_6755 286.942 4.224 1981.4 -0.734 -3.529 27.11
NGC_6793 290.817 22.159 556.1 3.795 3.544 -16.59
NGC_6800 291.664 25.008 924.1 0.438 -0.876 -13.29
NGC_6811 294.340 46.378 1001.1 -3.399 -8.812 7.70
NGC_6830 297.718 23.101 1808.3 -3.213 -5.766 2.62
NGC_6866 300.983 44.158 1226.7 -1.365 -5.743 12.83
NGC_6871 301.548 35.765 1554.8 -3.129 -6.437 4.38
NGC_6910 305.797 40.771 1483.2 -3.415 -5.359 14.97
NGC_6939 307.917 60.653 1574.4 -1.841 -5.413 -18.99
NGC_6940 308.626 28.278 929.4 -1.954 -9.413 8.10
NGC_6991 313.621 47.400 527.9 5.593 8.509 -12.46
NGC_6997 314.128 44.640 796.4 -4.275 -6.882 -19.61
NGC_7031 316.809 50.870 1200.9 -1.242 -4.205 -4.16
NGC_7039 317.663 45.597 703.1 -0.320 -2.542 -10.59
NGC_7058 320.448 50.822 349.8 7.432 2.889 -16.78
NGC_7062 320.862 46.385 1898.3 -1.914 -4.045 -22.05
NGC_7063 321.122 36.507 622.8 1.524 -2.482 4.43
NGC_7082 322.186 47.103 1165.5 -0.293 -1.106 -24.85
NGC_7086 322.624 51.593 1391.6 -1.656 -1.629 -22.34
NGC_7092 322.889 48.247 288.6 -7.477 -19.738 -5.09
NGC_7142 326.290 65.782 1920.1 -2.747 -1.288 -49.70
NGC_7160 328.448 62.589 848.1 -3.472 -1.378 -28.00
NGC_7209 331.224 46.508 1053.7 2.255 0.283 -18.42
NGC_7243 333.788 49.830 803.2 0.433 -2.857 -2.90
NGC_7296 337.000 52.321 1906.5 -2.958 -2.712 -29.85
NGC_743 29.614 60.130 990.3 -0.030 -1.708 -18.16
NGC_744 29.652 55.473 1165.2 -1.864 -1.790 -25.47
NGC_752 29.223 37.794 422.3 9.810 -11.713 5.69
NGC_7654 351.195 61.590 1379.4 -1.938 -1.131 -32.09
NGC_7762 357.472 68.035 884.0 1.452 4.016 -45.40
NGC_7789 359.334 56.726 1718.2 -0.922 -1.933 -54.15
NGC_869 34.741 57.134 1893.8 -0.689 -1.082 -62.82
NGC_884 35.584 57.149 1897.4 -0.628 -1.066 -43.01
Patchick_3 79.120 45.584 1448.5 -1.609 -1.288 -31.02
Pismis_12 140.007 -45.131 1785.5 -6.748 4.833 32.44
Pismis_3 127.834 -38.640 1880.6 -4.809 6.645 30.33
Pismis_4 128.790 -44.407 647.9 -8.236 5.337 11.59
Platais_10 205.220 -59.271 233.3 -30.591 -10.215 -16.83
Platais_3 69.976 71.280 174.0 3.616 -20.931 8.07
Platais_8 136.718 -58.685 132.6 -15.596 14.474 20.64
Platais_9 139.241 -43.862 178.7 -24.705 13.333 17.02
Pozzo_1 122.374 -47.335 335.3 -6.516 9.530 18.67
RSG_1 75.508 37.475 319.5 0.770 -12.330 14.69
RSG_5 303.482 45.574 325.3 3.573 1.605 -6.91
RSG_7 344.190 59.363 405.5 4.927 -1.865 -11.51
RSG_8 344.983 59.371 427.6 5.343 -1.654 -9.64
Roslund_2 296.261 23.977 1688.7 -1.741 -5.115 126.71
Roslund_3 299.695 20.509 1400.8 -0.386 -5.108 -21.67
Roslund_5 302.641 33.751 510.2 1.981 -1.164 -17.45
Roslund_6 307.185 39.798 340.3 5.875 2.155 -12.89
Roslund_7 313.196 37.847 1100.6 1.729 -0.360 -12.72
Ruprecht_1 99.084 -14.157 1315.1 -0.316 -0.900 12.52
Ruprecht_10 106.626 -20.125 1771.5 -0.849 0.564 33.94
Ruprecht_105 188.694 -61.592 1699.0 -5.986 -0.001 -4.38
Ruprecht_111 219.010 -59.975 1258.2 -7.214 -6.113 -34.51
Ruprecht_119 247.039 -51.500 1778.7 -1.300 -3.413 -39.38
Ruprecht_121 250.436 -46.159 1691.8 -1.073 -2.569 -52.95
Ruprecht_128 266.063 -34.879 1595.5 1.889 -1.262 -39.79
Ruprecht_130 266.900 -30.098 1931.5 0.477 -1.795 -41.84
Ruprecht_134 268.184 -29.537 1922.2 -1.653 -2.432 -42.19
Ruprecht_135 269.511 -11.646 970.7 1.420 -1.415 -14.33
Ruprecht_145 282.636 -18.270 561.7 8.329 -4.080 -54.70
Ruprecht_147 289.087 -16.333 296.0 -0.939 -26.576 41.84
Ruprecht_167 215.150 -58.858 1347.1 -8.205 -4.838 -28.64
Ruprecht_170 276.335 -9.995 1689.5 0.452 -0.132 0.29
Ruprecht_171 278.012 -16.062 1334.8 7.677 1.091 5.61
Ruprecht_174 310.856 37.031 1899.1 -3.154 -4.675 -12.89
Ruprecht_26 114.271 -15.587 950.6 -3.200 0.071 13.19
Ruprecht_27 114.423 -26.516 1673.3 -1.230 0.428 37.21
Ruprecht_29 115.279 -24.377 1757.2 -2.138 1.617 44.62
Ruprecht_33 116.445 -21.915 1833.1 -1.384 0.058 48.10
Ruprecht_50 120.872 -30.873 1843.3 -1.726 2.352 51.08
Ruprecht_71 132.316 -46.875 1625.8 -5.220 4.642 38.73
Ruprecht_82 146.421 -54.004 1788.0 -6.443 4.348 2.08
Ruprecht_84 147.281 -65.259 1613.5 -6.963 3.997 -8.63
Ruprecht_91 161.964 -57.483 947.2 -11.179 2.421 0.74
Ruprecht_93 166.037 -61.372 1768.3 -6.411 3.104 -24.40
Ruprecht_98 179.715 -64.581 460.1 -4.114 -8.632 -5.09
SAI_24 44.816 60.566 1738.1 -0.201 0.114 -3.64
SAI_25 45.109 57.307 1996.2 0.608 -1.205 -66.26
Skiff_J0458+43.0 74.547 43.036 1958.2 0.595 -1.109 -16.39
Skiff_J0619+18.5 94.829 18.546 1293.3 -0.529 -1.284 11.47
Skiff_J1942+38.6 295.611 38.645 1995.8 -3.131 -5.898 -18.20
Stephenson_1 283.568 36.899 343.8 1.110 -3.010 -18.69
Stock_1 294.146 25.163 388.1 6.034 0.302 -19.51
Stock_10 84.808 37.850 346.3 -3.114 -0.464 -11.67
Stock_12 353.923 52.685 418.5 8.527 -1.846 -4.20
Stock_2 33.856 59.522 361.0 15.966 -13.627 8.19
Stock_21 7.590 57.922 1564.6 -2.161 -1.787 -35.08
Stock_23 49.075 60.377 574.0 -4.261 -0.865 -18.07
Stock_5 31.119 64.365 875.7 -0.729 -2.069 -33.35
Stock_7 37.431 60.627 636.8 -3.496 0.484 4.79
Teutsch_126 333.455 55.712 1767.9 -1.820 -2.230 -33.73
Teutsch_30 306.929 36.074 1496.3 -3.180 -5.692 94.08
Teutsch_35 294.091 35.742 468.3 -0.683 -2.439 -7.66
Teutsch_38 131.523 -38.025 613.2 -8.636 3.669 28.09
Tombaugh_5 56.984 59.070 1449.3 0.515 -2.388 -23.10
Trumpler_10 131.943 -42.566 413.9 -12.532 6.527 22.43
Trumpler_14 160.986 -59.553 1944.3 -6.540 2.076 -10.53
Trumpler_17 164.108 -59.230 1983.0 -4.631 2.216 105.27
Trumpler_19 168.623 -57.563 1989.8 -1.675 -1.237 -26.38
Trumpler_2 39.232 55.905 640.9 1.583 -5.352 -4.12
Trumpler_22 217.783 -61.169 1941.0 -5.120 -2.683 -43.03
Trumpler_25 261.125 -39.006 1884.6 0.358 -2.120 -26.79
Trumpler_26 262.126 -29.487 1329.5 -0.873 -3.082 -7.59
Trumpler_28 264.231 -32.469 1239.8 -0.851 -2.824 -23.47
Trumpler_29 265.347 -40.158 1246.8 0.489 -2.308 -23.99
Trumpler_3 48.004 63.218 629.1 -3.354 -0.112 -19.46
Trumpler_30 269.182 -35.298 1196.7 1.243 -2.189 -18.36
Trumpler_32 274.294 -13.349 1414.8 -1.052 1.158 16.52
Trumpler_33 276.159 -19.711 1240.9 0.435 0.449 -3.71
Turner_5 143.284 -36.358 399.7 0.092 -3.115 -3.49
Turner_9 296.165 29.494 1445.6 0.346 -2.399 1.57
vdBergh_83 100.025 -27.189 859.5 -2.896 3.199 15.78
vdBergh_92 106.038 -11.475 1030.2 -4.540 1.618 27.99
